   9.99999978E-03   1.49997497       1.00499988      -4.99991653E-03  0.499974996    
   2.99999993E-02   1.49977505       1.01499772      -1.49977496E-02  0.499775022    
   4.99999970E-02   1.49937510       1.02498960      -2.49895826E-02  0.499375135    
   6.99999928E-02   1.49877548       1.03497148      -3.49714197E-02  0.498775512    
   8.99999887E-02   1.49797630       1.04493928      -4.49392684E-02  0.497976363    
  0.109999985       1.49697804       1.05488920      -5.48891425E-02  0.496978045    
  0.129999980       1.49578094       1.06481707      -6.48170635E-02  0.495780945    
  0.149999991       1.49438548       1.07471907      -7.47190639E-02  0.494385540    
  0.170000002       1.49279237       1.08459115      -8.45911726E-02  0.492792398    
  0.190000013       1.49100208       1.09442949      -9.44294557E-02  0.491002113    
  0.210000023       1.48901546       1.10422993     -0.104229964      0.489015460    
  0.230000034       1.48683321       1.11398876     -0.113988779      0.486833185    
  0.250000030       1.48445618       1.12370205     -0.123701997      0.484456211    
  0.270000011       1.48188543       1.13336575     -0.133365721      0.481885433    
  0.289999992       1.47912192       1.14297605     -0.142976105      0.479121953    
  0.309999973       1.47616673       1.15252924     -0.152529299      0.476166785    
  0.329999954       1.47302115       1.16202152     -0.162021488      0.473021179    
  0.349999934       1.46968639       1.17144883     -0.171448871      0.469686359    
  0.369999915       1.46616364       1.18080771     -0.180807680      0.466163695    
  0.389999896       1.46245456       1.19009411     -0.190094158      0.462454557    
  0.409999877       1.45856047       1.19930458     -0.199304610      0.458560437    
  0.429999858       1.45448291       1.20843530     -0.208435342      0.454482913    
  0.449999839       1.45022357       1.21748269     -0.217482701      0.450223595    
  0.469999820       1.44578421       1.22644305     -0.226443067      0.445784181    
  0.489999801       1.44116652       1.23531282     -0.235312849      0.441166490    
  0.509999812       1.43637228       1.24408853     -0.244088545      0.436372310    
  0.529999793       1.43140364       1.25276661     -0.252766579      0.431403577    
  0.549999774       1.42626238       1.26134348     -0.261343509      0.426262319    
  0.569999754       1.42095053       1.26981592     -0.269815922      0.420950562    
  0.589999735       1.41547036       1.27818036     -0.278180391      0.415470421    
  0.609999716       1.40982413       1.28643358     -0.286433607      0.409824103    
  0.629999697       1.40401387       1.29457223     -0.294572264      0.404013842    
  0.649999678       1.39804196       1.30259311     -0.302593082      0.398041993    
  0.669999659       1.39191091       1.31049287     -0.310492873      0.391910940    
  0.689999640       1.38562310       1.31826842     -0.318268448      0.385623127    
  0.709999621       1.37918103       1.32591677     -0.325916737      0.379181057    
  0.729999602       1.37258732       1.33343470     -0.333434671      0.372587323    
  0.749999583       1.36584461       1.34081924     -0.340819240      0.365844578    
  0.769999564       1.35895550       1.34806752     -0.348067462      0.358955473    
  0.789999545       1.35192275       1.35517645     -0.355176479      0.351922810    
  0.809999526       1.34474945       1.36214340     -0.362143427      0.344749391    
  0.829999506       1.33743811       1.36896551     -0.368965507      0.337438077    
  0.849999487       1.32999182       1.37564003     -0.375640035      0.329991758    
  0.869999468       1.32241344       1.38216424     -0.382164299      0.322413474    
  0.889999449       1.31470621       1.38853574     -0.388535708      0.314706236    
  0.909999430       1.30687308       1.39475167     -0.394751698      0.306873113    
  0.929999411       1.29891729       1.40080976     -0.400809795      0.298917234    
  0.949999392       1.29084182       1.40670753     -0.406707585      0.290841788    
  0.969999373       1.28264999       1.41244268     -0.412442684      0.282650024    
  0.989999354       1.27434516       1.41801286     -0.418012798      0.274345189    
   1.00999939       1.26593065       1.42341578     -0.423415750      0.265930623    
   1.02999938       1.25740969       1.42864931     -0.428649336      0.257409692    
   1.04999936       1.24878585       1.43371141     -0.433711439      0.248785809    
   1.06999934       1.24006236       1.43860006     -0.438600093      0.240062401    
   1.08999932       1.23124301       1.44331336     -0.443313301      0.231242985    
   1.10999930       1.22233105       1.44784915     -0.447849184      0.222331077    
   1.12999928       1.21333027       1.45220590     -0.452205926      0.213330224    
   1.14999926       1.20424402       1.45638180     -0.456381828      0.204244062    
   1.16999924       1.19507623       1.46037519     -0.460375160      0.195076197    
   1.18999922       1.18583035       1.46418428     -0.464184344      0.185830295    
   1.20999920       1.17651010       1.46780789     -0.467807859      0.176510081    
   1.22999918       1.16711926       1.47124434     -0.471244276      0.167119250    
   1.24999917       1.15766156       1.47449219     -0.474492192      0.157661572    
   1.26999915       1.14814091       1.47755027     -0.477550298      0.148140848    
   1.28999913       1.13856089       1.48041737     -0.480417401      0.138560861    
   1.30999911       1.12892544       1.48309231     -0.483092368      0.128925443    
   1.32999909       1.11923850       1.48557401     -0.485574067      0.119238466    
   1.34999907       1.10950375       1.48786163     -0.487861574      0.109503798    
   1.36999905       1.09972537       1.48995399     -0.489953935       9.97253284E-02
   1.38999903       1.08990693       1.49185038     -0.491850317       8.99069682E-02
   1.40999901       1.08005261       1.49354994     -0.493549973       8.00526440E-02
   1.42999899       1.07016635       1.49505222     -0.495052218       7.01663047E-02
   1.44999897       1.06025195       1.49635649     -0.496356428       6.02518953E-02
   1.46999896       1.05031335       1.49746215     -0.497462124       5.03133871E-02
   1.48999894       1.04035473       1.49836886     -0.498368829       4.03547548E-02
   1.50999892       1.03038001       1.49907625     -0.499076217       3.03799808E-02
   1.52999890       1.02039301       1.49958396     -0.499583960       2.03930568E-02
   1.54999888       1.01039803       1.49989188     -0.499891877       1.03979744E-02
   1.56999886       1.00039876       1.49999988     -0.499999851       3.98733187E-04
   1.58999884      0.990399361       1.49990785     -0.499907821      -9.60066728E-03
   1.60999882      0.980403781       1.49961591     -0.499615848      -1.95962284E-02
   1.62999880      0.970416069       1.49912405     -0.499124020      -2.95839496E-02
   1.64999878      0.960440159       1.49843264     -0.498432577      -3.95598374E-02
   1.66999876      0.950480103       1.49754167     -0.497541726      -4.95199040E-02
   1.68999875      0.940539837       1.49645185     -0.496451914      -5.94601631E-02
   1.70999873      0.930623353       1.49516344     -0.495163500      -6.93766400E-02
   1.72999871      0.920734644       1.49367702     -0.493677020      -7.92653635E-02
   1.74999869      0.910877585       1.49199307     -0.491993099      -8.91223848E-02
   1.76999867      0.901056230       1.49011230     -0.490112364      -9.89437550E-02
   1.78999865      0.891274452       1.48803568     -0.488035619     -0.108725555    
   1.80999863      0.881536126       1.48576367     -0.485763639     -0.118463859    
   1.82999861      0.871845245       1.48329735     -0.483297378     -0.128154784    
   1.84999859      0.862205565       1.48063779     -0.480637789     -0.137794450    
   1.86999857      0.852621019       1.47778594     -0.477785975     -0.147378996    
   1.88999856      0.843095422       1.47474301     -0.474743038     -0.156904593    
   1.90999854      0.833632588       1.47151017     -0.471510202     -0.166367427    
   1.92999852      0.824236274       1.46808875     -0.468088776     -0.175763726    
   1.94999850      0.814910293       1.46448016     -0.464480132     -0.185089722    
   1.96999848      0.805658340       1.46068573     -0.460685700     -0.194341674    
   1.98999846      0.796484113       1.45670700     -0.456707001     -0.203515902    
   2.00999856      0.787391245       1.45254564     -0.452545583     -0.212608770    
   2.02999854      0.778383434       1.44820321     -0.448203206     -0.221616551    
   2.04999852      0.769464314       1.44368148     -0.443681538     -0.230535686    
   2.06999850      0.760637403       1.43898237     -0.438982397     -0.239362612    
   2.08999848      0.751906216       1.43410766     -0.434107661     -0.248093799    
   2.10999846      0.743274212       1.42905927     -0.429059297     -0.256725758    
   2.12999845      0.734745026       1.42383933     -0.423839331     -0.265255004    
   2.14999843      0.726321816       1.41844988     -0.418449819     -0.273678184    
   2.16999841      0.718008161       1.41289294     -0.412892938     -0.281991869    
   2.18999839      0.709807217       1.40717089     -0.407170922     -0.290192783    
   2.20999837      0.701722383       1.40128601     -0.401286006     -0.298277617    
   2.22999835      0.693756878       1.39524055     -0.395240605     -0.306243122    
   2.24999833      0.685913801       1.38903713     -0.389037132     -0.314086169    
   2.26999831      0.678196430       1.38267803     -0.382678032     -0.321803570    
   2.28999829      0.670607746       1.37616587     -0.376165837     -0.329392254    
   2.30999827      0.663150787       1.36950326     -0.369503230     -0.336849183    
   2.32999825      0.655828595       1.36269283     -0.362692803     -0.344171375    
   2.34999824      0.648644090       1.35573733     -0.355737299     -0.351355910    
   2.36999822      0.641600132       1.34863949     -0.348639518     -0.358399898    
   2.38999820      0.634699464       1.34140229     -0.341402262     -0.365300536    
   2.40999818      0.627944946       1.33402848     -0.334028482     -0.372055084    
   2.42999816      0.621339202       1.32652104     -0.326521069     -0.378660798    
   2.44999814      0.614884973       1.31888306     -0.318883061     -0.385115027    
   2.46999812      0.608584762       1.31111753     -0.311117500     -0.391415238    
   2.48999810      0.602441072       1.30322754     -0.303227514     -0.397558898    
   2.50999808      0.596456468       1.29521620     -0.295216233     -0.403543532    
   2.52999806      0.590633273       1.28708684     -0.287086874     -0.409366757    
   2.54999804      0.584973812       1.27884269     -0.278842658     -0.415026218    
   2.56999803      0.579480290       1.27048695     -0.270486951     -0.420519710    
   2.58999801      0.574155033       1.26202297     -0.262023032     -0.425844967    
   2.60999799      0.569000125       1.25345433     -0.253454298     -0.430999905    
   2.62999797      0.564017534       1.24478424     -0.244784191     -0.435982466    
   2.64999795      0.559209347       1.23601615     -0.236016169     -0.440790623    
   2.66999793      0.554577529       1.22715378     -0.227153763     -0.445422471    
   2.68999791      0.550123811       1.21820045     -0.218200475     -0.449876159    
   2.70999789      0.545850098       1.20915997     -0.209159926     -0.454149902    
   2.72999787      0.541758060       1.20003569     -0.200035706     -0.458241969    
   2.74999785      0.537849188       1.19083142     -0.190831482     -0.462150782    
   2.76999784      0.534125268       1.18155098     -0.181550935     -0.465874732    
   2.78999782      0.530587673       1.17219782     -0.172197759     -0.469412327    
   2.80999780      0.527237833       1.16277575     -0.162775710     -0.472762167    
   2.82999778      0.524077058       1.15328860     -0.153288558     -0.475922912    
   2.84999776      0.521106720       1.14374006     -0.143740073     -0.478893310    
   2.86999774      0.518327832       1.13413405     -0.134134114     -0.481672138    
   2.88999772      0.515741706       1.12447453     -0.124474496     -0.484258294    
   2.90999770      0.513349235       1.11476505     -0.114765093     -0.486650765    
   2.92999768      0.511151433       1.10500979     -0.105009779     -0.488848597    
   2.94999766      0.509149134       1.09521246      -9.52124745E-02 -0.490850866    
   2.96999764      0.507343173       1.08537710      -8.53770748E-02 -0.492656827    
   2.98999763      0.505734265       1.07550752      -7.55075291E-02 -0.494265735    
   3.00999761      0.504323065       1.06560779      -6.56077862E-02 -0.495676935    
   3.02999759      0.503110170       1.05568182      -5.56817949E-02 -0.496889859    
   3.04999757      0.502095938       1.04573357      -4.57335338E-02 -0.497904062    
   3.06999755      0.501280904       1.03576696      -3.57669778E-02 -0.498719096    
   3.08999753      0.500665367       1.02578616      -2.57861167E-02 -0.499334633    
   3.10999751      0.500249505       1.01579499      -1.57949440E-02 -0.499750465    
   3.12999749      0.500033617       1.00579751      -5.79745090E-03 -0.499966383    
   3.14999747      0.500017643      0.995797634       4.20236029E-03 -0.499982327    
   3.16999745      0.500201702      0.985799491       1.42004900E-02 -0.499798298    
   3.18999743      0.500585675      0.975807071       2.41929404E-02 -0.499414355    
   3.20999742      0.501169324      0.965824306       3.41757126E-02 -0.498830646    
   3.22999740      0.501952589      0.955855191       4.41448167E-02 -0.498047411    
   3.24999738      0.502935052      0.945903718       5.40962629E-02 -0.497064978    
   3.26999736      0.504116297      0.935973942       6.40260726E-02 -0.495883733    
   3.28999734      0.505495906      0.926069736       7.39302710E-02 -0.494504124    
   3.30999732      0.507073283      0.916195095       8.38048980E-02 -0.492926717    
   3.32999730      0.508847833      0.906354010       9.36460048E-02 -0.491152138    
   3.34999728      0.510818839      0.896550357      0.103449658     -0.489181131    
   3.36999726      0.512985587      0.886788070      0.113211930     -0.487014443    
   3.38999724      0.515347064      0.877071083      0.122928917     -0.484652936    
   3.40999722      0.517902374      0.867403269      0.132596731     -0.482097596    
   3.42999721      0.520650566      0.857788503      0.142211512     -0.479349434    
   3.44999719      0.523590446      0.848230600      0.151769415     -0.476409525    
   3.46999717      0.526720941      0.838733375      0.161266610     -0.473279059    
   3.48999715      0.530040681      0.829300702      0.170699298     -0.469959319    
   3.50999713      0.533548474      0.819936275      0.180063710     -0.466451555    
   3.52999711      0.537242770      0.810643911      0.189356104     -0.462757230    
   3.54999709      0.541122198      0.801427245      0.198572755     -0.458877832    
   3.56999707      0.545185089      0.792290032      0.207709968     -0.454814881    
   3.58999705      0.549430013      0.783235908      0.216764107     -0.450569987    
   3.60999703      0.553855121      0.774268448      0.225731552     -0.446144879    
   3.62999701      0.558458686      0.765391290      0.234608695     -0.441541344    
   3.64999700      0.563238859      0.756608009      0.243392006     -0.436761171    
   3.66999698      0.568193674      0.747922063      0.252077967     -0.431806326    
   3.68999696      0.573321223      0.739336908      0.260663092     -0.426678747    
   3.70999694      0.578619480      0.730856061      0.269143969     -0.421380490    
   3.72999692      0.584086299      0.722482800      0.277517170     -0.415913701    
   3.74999690      0.589719415      0.714220643      0.285779387     -0.410280555    
   3.76999688      0.595516682      0.706072688      0.293927282     -0.404483318    
   3.78999686      0.601475716      0.698042393      0.301957637     -0.398524255    
   3.80999684      0.607594192      0.690132856      0.309867173     -0.392405808    
   3.82999682      0.613869548      0.682347178      0.317652792     -0.386130422    
   3.84999681      0.620299459      0.674688637      0.325311363     -0.379700571    
   3.86999679      0.626881123      0.667160213      0.332839787     -0.373118848    
   3.88999677      0.633612156      0.659764886      0.340235114     -0.366387874    
   3.90999675      0.640489638      0.652505696      0.347494304     -0.359510362    
   3.92999673      0.647510946      0.645385444      0.354614556     -0.352489054    
   3.94999671      0.654673219      0.638407111      0.361592919     -0.345326751    
   3.96999669      0.661973715      0.631573319      0.368426681     -0.338026315    
   3.98999667      0.669409335      0.624886930      0.375113070     -0.330590665    
   4.00999689      0.676977277      0.618350506      0.381649494     -0.323022693    
   4.02999735      0.684674561      0.611966670      0.388033330     -0.315325439    
   4.04999781      0.692497969      0.605738044      0.394261956     -0.307502061    
   4.06999826      0.700444341      0.599667132      0.400332868     -0.299555659    
   4.08999872      0.708510518      0.593756318      0.406243652     -0.291489452    
   4.10999918      0.716693401      0.588008046      0.411991924     -0.283306628    
   4.12999964      0.724989533      0.582424581      0.417575419     -0.275010496    
   4.15000010      0.733395696      0.577008128      0.422991872     -0.266604334    
   4.17000055      0.741908431      0.571760893      0.428239137     -0.258091539    
   4.19000101      0.750524461      0.566684902      0.433315098     -0.249475524    
   4.21000147      0.759240270      0.561782300      0.438217700     -0.240759701    
   4.23000193      0.768052399      0.557054937      0.442945063     -0.231947586    
   4.25000238      0.776957333      0.552504778      0.447495222     -0.223042682    
   4.27000284      0.785951436      0.548133612      0.451866359     -0.214048550    
   4.29000330      0.795031190      0.543943226      0.456056774     -0.204968810    
   4.31000376      0.804192901      0.539935231      0.460064769     -0.195807084    
   4.33000422      0.813432992      0.536111295      0.463888705     -0.186567023    
   4.35000467      0.822747648      0.532472849      0.467527121     -0.177252352    
   4.37000513      0.832133234      0.529021502      0.470978498     -0.167866766    
   4.39000559      0.841585994      0.525758505      0.474241495     -0.158414036    
   4.41000605      0.851102054      0.522685170      0.477314800     -0.148897931    
   4.43000650      0.860677719      0.519802809      0.480197161     -0.139322281    
   4.45000696      0.870309114      0.517112553      0.482887447     -0.129690886    
   4.47000742      0.879992366      0.514615417      0.485384554     -0.120007627    
   4.49000788      0.889723659      0.512312472      0.487687528     -0.110276356    
   4.51000834      0.899498999      0.510204554      0.489795417     -0.100500979    
   4.53000879      0.909314632      0.508292615      0.491707385      -9.06853974E-02
   4.55000925      0.919166446      0.506577313      0.493422687      -8.08335468E-02
   4.57000971      0.929050624      0.505059421      0.494940579      -7.09493533E-02
   4.59001017      0.938963234      0.503739476      0.496260524      -6.10367879E-02
   4.61001062      0.948900223      0.502618074      0.497381955      -5.10998033E-02
   4.63001108      0.958857596      0.501695573      0.498304427      -4.11423780E-02
   4.65001154      0.968831480      0.500972390      0.499027580      -3.11684981E-02
   4.67001200      0.978817821      0.500448883      0.499551117      -2.11821496E-02
   4.69001245      0.988812685      0.500125170      0.499874830      -1.11873290E-02
   4.71001291      0.998811960      0.500001431      0.499998599      -1.18803268E-03
   4.73001337       1.00881171      0.500077665      0.499922335       8.81173927E-03
   4.75001383       1.01880801      0.500353873      0.499646127       1.88079849E-02
   4.77001429       1.02879667      0.500829935      0.499170065       2.87967101E-02
   4.79001474       1.03877389      0.501505673      0.498494327       3.87739129E-02
   4.81001520       1.04873562      0.502380848      0.497619182       4.87356074E-02
   4.83001566       1.05867779      0.503455043      0.496544987       5.86778112E-02
   4.85001612       1.06859660      0.504727840      0.495272160       6.85965419E-02
   4.87001657       1.07848787      0.506198764      0.493801236       7.84878284E-02
   4.89001703       1.08834767      0.507867217      0.492132783       8.83477256E-02
   4.91001749       1.09817231      0.509732485      0.490267485       9.81722772E-02
   4.93001795       1.10795760      0.511793971      0.488206059      0.107957564    
   4.95001841       1.11769962      0.514050603      0.485949367      0.117699668    
   4.97001886       1.12739468      0.516501725      0.483498275      0.127394691    
   4.99001932       1.13703871      0.519146204      0.480853796      0.137038752    
   5.01001978       1.14662802      0.521983027      0.478016973      0.146627992    
   5.03002024       1.15615857      0.525011063      0.474988937      0.156158596    
   5.05002069       1.16562676      0.528229117      0.471770912      0.165626720    
   5.07002115       1.17502856      0.531635880      0.468364149      0.175028607    
   5.09002161       1.18436050      0.535229921      0.464770079      0.184360474    
   5.11002207       1.19361854      0.539009929      0.460990071      0.193618596    
   5.13002253       1.20279932      0.542974353      0.457025677      0.202799261    
   5.15002298       1.21189880      0.547121525      0.452878445      0.211898819    
   5.17002344       1.22091365      0.551449895      0.448550075      0.220913604    
   5.19002390       1.22984004      0.555957675      0.444042295      0.229840040    
   5.21002436       1.23867452      0.560643077      0.439356893      0.238674521    
   5.23002481       1.24741352      0.565504313      0.434495717      0.247413546    
   5.25002527       1.25605357      0.570539236      0.429460764      0.256053597    
   5.27002573       1.26459122      0.575745940      0.424254030      0.264591217    
   5.29002619       1.27302301      0.581122398      0.418877602      0.273023009    
   5.31002665       1.28134561      0.586666405      0.413333595      0.281345576    
   5.33002710       1.28955567      0.592375755      0.407624245      0.289555639    
   5.35002756       1.29764986      0.598248124      0.401751876      0.297649860    
   5.37002802       1.30562496      0.604281187      0.395718783      0.305624992    
   5.39002848       1.31347787      0.610472560      0.389527410      0.313477904    
   5.41002893       1.32120538      0.616819739      0.383180231      0.321205407    
   5.43002939       1.32880449      0.623320222      0.376679748      0.328804433    
   5.45002985       1.33627200      0.629971385      0.370028615      0.336271942    
   5.47003031       1.34360492      0.636770546      0.363229454      0.343604952    
   5.49003077       1.35080051      0.643714964      0.356285036      0.350800484    
   5.51003122       1.35785568      0.650801897      0.349198073      0.357855707    
   5.53003168       1.36476779      0.658028603      0.341971427      0.364767790    
   5.55003214       1.37153399      0.665392041      0.334607989      0.371533960    
   5.57003260       1.37815154      0.672889292      0.327110708      0.378151536    
   5.59003305       1.38461781      0.680517435      0.319482595      0.384617835    
   5.61003351       1.39093029      0.688273311      0.311726660      0.390930265    
   5.63003397       1.39708638      0.696153939      0.303846061      0.397086352    
   5.65003443       1.40308356      0.704156101      0.295843899      0.403083593    
   5.67003489       1.40891957      0.712276578      0.287723422      0.408919603    
   5.69003534       1.41459203      0.720512152      0.279487848      0.414592028    
   5.71003580       1.42009854      0.728859544      0.271140456      0.420098603    
   5.73003626       1.42543721      0.737315357      0.262684643      0.425437152    
   5.75003672       1.43060553      0.745876312      0.254123718      0.430605531    
   5.77003717       1.43560171      0.754538834      0.245461166      0.435601681    
   5.79003763       1.44042349      0.763299584      0.236700431      0.440423548    
   5.81003809       1.44506931      0.772154987      0.227844998      0.445069283    
   5.83003855       1.44953692      0.781101584      0.218898430      0.449536949    
   5.85003901       1.45382476      0.790135682      0.209864303      0.453824818    
   5.87003946       1.45793116      0.799253762      0.200746238      0.457931161    
   5.89003992       1.46185434      0.808452129      0.191547856      0.461854309    
   5.91004038       1.46559274      0.817727149      0.182272866      0.465592742    
   5.93004084       1.46914494      0.827075005      0.172924966      0.469144911    
   5.95004129       1.47250938      0.836492121      0.163507894      0.472509444    
   5.97004175       1.47568488      0.845974565      0.154025421      0.475684941    
   5.99004221       1.47867012      0.855518699      0.144481331      0.478670180    
   6.01004267       1.48146391      0.865120530      0.134879455      0.481463939    
   6.03004313       1.48406506      0.874776363      0.125223622      0.484065115    
   6.05004358       1.48647261      0.884482324      0.115517691      0.486472666    
   6.07004404       1.48868561      0.894234419      0.105765559      0.488685638    
   6.09004450       1.49070311      0.904028893       9.59711224E-02  0.490703106    
   6.11004496       1.49252427      0.913861692       8.61382931E-02  0.492524296    
   6.13004541       1.49414849      0.923729002       7.62710124E-02  0.494148493    
   6.15004587       1.49557495      0.933626771       6.63732216E-02  0.495575011    
   6.17004633       1.49680328      0.943551123       5.64488806E-02  0.496803313    
   6.19004679       1.49783289      0.953498065       4.65019606E-02  0.497832865    
   6.21004725       1.49866331      0.963463545       3.65364365E-02  0.498663306    
   6.23004770       1.49929428      0.973443687       2.65563000E-02  0.499294251    
   6.25004816       1.49972558      0.983434439       1.65655408E-02  0.499725521    
   6.27004862       1.49995685      0.993431866       6.56815572E-03  0.499956846    
   6.29004908       1.49998820       1.00343192      -3.43185756E-03  0.499988228    
   6.31004953       1.49981952       1.01343048      -1.34304976E-02  0.499819577    
   6.33004999       1.49945104       1.02342379      -2.34237649E-02  0.499451011    
   6.35005045       1.49888265       1.03340769      -3.34076658E-02  0.498882681    
   6.37005091       1.49811482       1.04337823      -4.33782004E-02  0.498114765    
   6.39005136       1.49714756       1.05333138      -5.33313826E-02  0.497147620    
   6.41005182       1.49598157       1.06326318      -6.32632375E-02  0.495981604    
   6.43005228       1.49461722       1.07316983      -7.31697828E-02  0.494617224    
   6.45005274       1.49305499       1.08304703      -8.30470547E-02  0.493054956    
   6.47005320       1.49129546       1.09289110      -9.28911120E-02  0.491295487    
   6.49005365       1.48933947       1.10269797     -0.102698013      0.489339471    
   6.51005411       1.48718774       1.11246383     -0.112463839      0.487187743    
   6.53005457       1.48484111       1.12218463     -0.122184671      0.484841108    
   6.55005503       1.48230052       1.13185668     -0.131856635      0.482300550    
   6.57005548       1.47956705       1.14147580     -0.141475841      0.479567081    
   6.59005594       1.47664177       1.15103841     -0.151038468      0.476641774    
   6.61005640       1.47352576       1.16054070     -0.160540685      0.473525792    
   6.63005686       1.47022045       1.16997862     -0.169978678      0.470220417    
   6.65005732       1.46672702       1.17934871     -0.179348677      0.466726959    
   6.67005777       1.46304679       1.18864691     -0.188646942      0.463046789    
   6.69005823       1.45918143       1.19786978     -0.197869733      0.459181398    
   6.71005869       1.45513237       1.20701337     -0.207013384      0.455132335    
   6.73005915       1.45090127       1.21607423     -0.216074228      0.450901240    
   6.75005960       1.44648981       1.22504866     -0.225048646      0.446489751    
   6.77006006       1.44189966       1.23393309     -0.233933046      0.441899687    
   6.79006052       1.43713284       1.24272382     -0.242723867      0.437132835    
   6.81006098       1.43219113       1.25141764     -0.251417577      0.432191163    
   6.83006144       1.42707658       1.26001072     -0.260010749      0.427076578    
   6.85006189       1.42179120       1.26849985     -0.268499911      0.421791166    
   6.87006235       1.41633701       1.27688169     -0.276881665      0.416337043    
   6.89006281       1.41071641       1.28515267     -0.285152674      0.410716385    
   6.91006327       1.40493143       1.29330957     -0.293309599      0.404931456    
   6.93006372       1.39898455       1.30134916     -0.301349223      0.398984522    
   6.95006418       1.39287806       1.30926824     -0.309268296      0.392877996    
   6.97006464       1.38661432       1.31706357     -0.317063630      0.386614352    
   6.99006510       1.38019598       1.32473218     -0.324732184      0.380196005    
   7.01006556       1.37362564       1.33227086     -0.332270831      0.373625606    
   7.03006601       1.36690581       1.33967662     -0.339676559      0.366905779    
   7.05006647       1.36003911       1.34694648     -0.346946418      0.360039145    
   7.07006693       1.35302854       1.35407746     -0.354077488      0.353028506    
   7.09006739       1.34587669       1.36106694     -0.361066937      0.345876664    
   7.11006784       1.33858645       1.36791193     -0.367911935      0.338586479    
   7.13006830       1.33116078       1.37460983     -0.374609798      0.331160843    
   7.15006876       1.32360268       1.38115776     -0.381157786      0.323602736    
   7.17006922       1.31591523       1.38755333     -0.387553334      0.315915197    
   7.19006968       1.30810130       1.39379382     -0.393793851      0.308101296    
   7.21007013       1.30016410       1.39987683     -0.399876863      0.300164133    
   7.23007059       1.29210687       1.40579987     -0.405799896      0.292106897    
   7.25007105       1.28393281       1.41156065     -0.411560625      0.283932835    
   7.27007151       1.27564526       1.41715670     -0.417156696      0.275645196    
   7.29007196       1.26724732       1.42258596     -0.422585934      0.267247319    
   7.31007242       1.25874257       1.42784619     -0.427846134      0.258742511    
   7.33007288       1.25013423       1.43293524     -0.432935178      0.250134200    
   7.35007334       1.24142587       1.43785107     -0.437851071      0.241425857    
   7.37007380       1.23262095       1.44259179     -0.442591786      0.232620940    
   7.39007425       1.22372293       1.44715548     -0.447155505      0.223722965    
   7.41007471       1.21473551       1.45154035     -0.451540321      0.214735493    
   7.43007517       1.20566213       1.45574450     -0.455744535      0.205662146    
   7.45007563       1.19650650       1.45976639     -0.459766448      0.196506515    
   7.47007608       1.18727231       1.46360445     -0.463604450      0.187272295    
   7.49007654       1.17796314       1.46725702     -0.467257023      0.177963153    
   7.51007700       1.16858280       1.47072268     -0.470722675      0.168582827    
   7.53007746       1.15913510       1.47399998     -0.474000037      0.159135073    
   7.55007792       1.14962363       1.47708774     -0.477087796      0.149623662    
   7.57007837       1.14005244       1.47998476     -0.479984730      0.140052393    
   7.59007883       1.13042510       1.48268962     -0.482689649      0.130425110    
   7.61007929       1.12074566       1.48520148     -0.485201478      0.120745651    
   7.63007975       1.11101794       1.48751926     -0.487519264      0.111017898    
   7.65008020       1.10124576       1.48964202     -0.489642024      0.101245739    
   7.67008066       1.09143305       1.49156892     -0.491568923       9.14330781E-02
   7.69008112       1.08158386       1.49329925     -0.493299186       8.15838426E-02
   7.71008158       1.07170200       1.49483216     -0.494832128       7.17019737E-02
   7.73008204       1.06179142       1.49616718     -0.496167123       6.17914200E-02
   7.75008249       1.05185616       1.49730372     -0.497303665       5.18561564E-02
   7.77008295       1.04190016       1.49824131     -0.498241276       4.19001468E-02
   7.79008341       1.03192735       1.49897957     -0.498979598       3.19273770E-02
   7.81008387       1.02194178       1.49951839     -0.499518335       2.19418351E-02
   7.83008432       1.01194751       1.49985719     -0.499857247       1.19475182E-02
   7.85008478       1.00194848       1.49999619     -0.499996215       1.94842124E-03
   7.87008524      0.991948545       1.49993515     -0.499935180      -8.05145502E-03
   7.89008570      0.981951892       1.49967420     -0.499674171      -1.80481095E-02
   7.91008615      0.971962452       1.49921322     -0.499213278      -2.80375462E-02
   7.93008661      0.961984217       1.49855268     -0.498552710      -3.80157679E-02
   7.95008707      0.952021241       1.49769270     -0.497692704      -4.79787812E-02
   7.97008753      0.942077398       1.49663365     -0.496633649      -5.79226054E-02
   7.99008799      0.932156742       1.49537587     -0.495375901      -6.78432584E-02
   8.01008797      0.922263443       1.49392009     -0.493920058      -7.77365342E-02
   8.03008842      0.912401021       1.49226665     -0.492266625      -8.75989571E-02
   8.05008888      0.902573645       1.49041629     -0.490416259      -9.74263400E-02
   8.07008934      0.892785251       1.48836970     -0.488369733     -0.107214749    
   8.09008980      0.883039713       1.48612785     -0.486127853     -0.116960272    
   8.11009026      0.873340964       1.48369145     -0.483691514     -0.126659021    
   8.13009071      0.863692880       1.48106170     -0.481061727     -0.136307091    
   8.15009117      0.854099393       1.47823954     -0.478239477     -0.145900637    
   8.17009163      0.844564199       1.47522593     -0.475225955     -0.155435830    
   8.19009209      0.835091174       1.47202229     -0.472022325     -0.164908841    
   8.21009254      0.825684071       1.46862984     -0.468629897     -0.174315900    
   8.23009300      0.816346765       1.46504998     -0.465049982     -0.183653221    
   8.25009346      0.807082891       1.46128404     -0.461284071     -0.192917079    
   8.27009392      0.797896206       1.45733368     -0.457333654     -0.202103779    
   8.29009438      0.788790345       1.45320034     -0.453200281     -0.211209625    
   8.31009483      0.779769003       1.44888568     -0.448885620     -0.220230997    
   8.33009529      0.770835757       1.44439149     -0.444391429     -0.229164258    
   8.35009575      0.761994123       1.43971944     -0.439719468     -0.238005877    
   8.37009621      0.753247738       1.43487167     -0.434871614     -0.246752277    
   8.39009666      0.744600058       1.42984986     -0.429849803     -0.255399972    
   8.41009712      0.736054480       1.42465603     -0.424656063     -0.263945520    
   8.43009758      0.727614522       1.41929245     -0.419292450     -0.272385478    
   8.45009804      0.719283521       1.41376114     -0.413761109     -0.280716479    
   8.47009850      0.711064816       1.40806425     -0.408064276     -0.288935184    
   8.49009895      0.702961683       1.40220428     -0.402204216     -0.297038347    
   8.51009941      0.694977343       1.39618325     -0.396183252     -0.305022657    
   8.53009987      0.687115073       1.39000380     -0.390003830     -0.312884957    
   8.55010033      0.679377913       1.38366842     -0.383668423     -0.320622116    
   8.57010078      0.671768963       1.37717950     -0.377179503     -0.328231037    
   8.59010124      0.664291382       1.37053978     -0.370539755     -0.335708648    
   8.61010170      0.656948030       1.36375177     -0.363751769     -0.343051970    
   8.63010216      0.649741888       1.35681820     -0.356818259     -0.350258082    
   8.65010262      0.642675877       1.34974205     -0.349742055     -0.357324094    
   8.67010307      0.635752857       1.34252596     -0.342525929     -0.364247143    
   8.69010353      0.628975511       1.33517277     -0.335172802     -0.371024519    
   8.71010399      0.622346520       1.32768559     -0.327685595     -0.377653480    
   8.73010445      0.615868628       1.32006729     -0.320067316     -0.384131372    
   8.75010490      0.609544396       1.31232095     -0.312321007     -0.390455604    
   8.77010536      0.603376329       1.30444980     -0.304449797     -0.396623671    
   8.79010582      0.597366929       1.29645681     -0.296456754     -0.402633071    
   8.81010628      0.591518581       1.28834510     -0.288345158     -0.408481419    
   8.83010674      0.585833669       1.28011823     -0.280118227     -0.414166361    
   8.85010719      0.580314338       1.27177930     -0.271779239     -0.419685662    
   8.87010765      0.574962974       1.26333153     -0.263331532     -0.425037056    
   8.89010811      0.569781542       1.25477850     -0.254778504     -0.430218458    
   8.91010857      0.564772248       1.24612355     -0.246123552     -0.435227752    
   8.93010902      0.559937000       1.23737013     -0.237370148     -0.440062970    
   8.95010948      0.555277824       1.22852182     -0.228521794     -0.444722146    
   8.97010994      0.550796568       1.21958208     -0.219582036     -0.449203432    
   8.99011040      0.546494961       1.21055448     -0.210554451     -0.453505039    
   9.01011086      0.542374730       1.20144260     -0.201442629     -0.457625240    
   9.03011131      0.538437605       1.19225025     -0.192250237     -0.461562395    
   9.05011177      0.534685075       1.18298101     -0.182980955     -0.465314925    
   9.07011223      0.531118691       1.17363846     -0.173638463     -0.468881309    
   9.09011269      0.527739882       1.16422653     -0.164226517     -0.472260147    
   9.11011314      0.524549901       1.15474892     -0.154748887     -0.475450099    
   9.13011360      0.521550179       1.14520931     -0.145209342     -0.478449821    
   9.15011406      0.518741786       1.13561177     -0.135611728     -0.481258214    
   9.17011452      0.516125917       1.12595987     -0.125959858     -0.483874083    
   9.19011497      0.513703585       1.11625767     -0.116257608     -0.486296386    
   9.21011543      0.511475801       1.10650885     -0.106508859     -0.488524169    
   9.23011589      0.509443462       1.09671748      -9.67174992E-02 -0.490556538    
   9.25011635      0.507607341       1.08688748      -8.68874565E-02 -0.492392689    
   9.27011681      0.505968094       1.07702267      -7.70226568E-02 -0.494031906    
   9.29011726      0.504526496       1.06712699      -6.71270415E-02 -0.495473474    
   9.31011772      0.503283143       1.05720460      -5.72045818E-02 -0.496716857    
   9.33011818      0.502238452       1.04725921      -4.72592376E-02 -0.497761548    
   9.35011864      0.501392841       1.03729498      -3.72949913E-02 -0.498607129    
   9.37011909      0.500746727       1.02731586      -2.73158271E-02 -0.499253303    
   9.39011955      0.500300288       1.01732576      -1.73257347E-02 -0.499699742    
   9.41012001      0.500053704       1.00732875      -7.32871285E-03 -0.499946296    
   9.43012047      0.500007153      0.997328758       2.67124106E-03 -0.499992877    
   9.45012093      0.500160575      0.987329900       1.26701258E-02 -0.499839455    
   9.47012138      0.500513911      0.977336049       2.26639435E-02 -0.499486089    
   9.49012184      0.501067042      0.967351317       3.26486938E-02 -0.498932928    
   9.51012230      0.501819849      0.957379639       4.26203869E-02 -0.498180181    
   9.53012276      0.502771854      0.947424948       5.25750294E-02 -0.497228175    
   9.55012321      0.503922701      0.937491357       6.25086427E-02 -0.496077269    
   9.57012367      0.505272031      0.927582741       7.24172518E-02 -0.494727939    
   9.59012413      0.506819248      0.917703092       8.22968930E-02 -0.493180722    
   9.61012459      0.508563757      0.907856405       9.21436176E-02 -0.491436213    
   9.63012505      0.510504842      0.898046494      0.101953484     -0.489495128    
   9.65012550      0.512641788      0.888277411      0.111722566     -0.487358242    
   9.67012596      0.514973581      0.878553033      0.121446960     -0.485026419    
   9.69012642      0.517499447      0.868877232      0.131122768     -0.482500583    
   9.71012688      0.520218253      0.859253883      0.140746132     -0.479781747    
   9.73012733      0.523128986      0.849686801      0.150313199     -0.476870984    
   9.75012779      0.526230514      0.840179861      0.159820139     -0.473769486    
   9.77012825      0.529521525      0.830736876      0.169263154     -0.470478475    
   9.79012871      0.533000708      0.821361542      0.178638458     -0.466999263    
   9.81012917      0.536666751      0.812057674      0.187942311     -0.463333249    
   9.83012962      0.540518105      0.802829027      0.197170973     -0.459481895    
   9.85013008      0.544553280      0.793679237      0.206320778     -0.455446750    
   9.87013054      0.548770547      0.784611940      0.215388045     -0.451229423    
   9.89013100      0.553168416      0.775630832      0.224369168     -0.446831614    
   9.91013145      0.557744980      0.766739488      0.233260527     -0.442255050    
   9.93013191      0.562498450      0.757941425      0.242058590     -0.437501580    
   9.95013237      0.567426860      0.749240160      0.250759810     -0.432573140    
   9.97013283      0.572528362      0.740639210      0.259360760     -0.427471638    
   9.99013329      0.577800870      0.732142091      0.267857939     -0.422199160    
   10.0101337      0.583242178      0.723752022      0.276247978     -0.416757792    
   10.0301342      0.588850260      0.715472460      0.284527510     -0.411149710    
   10.0501347      0.594622850      0.707306743      0.292693257     -0.405377179    
   10.0701351      0.600557506      0.699258089      0.300741911     -0.399442494    
   10.0901356      0.606651962      0.691329718      0.308670253     -0.393348038    
   10.1101360      0.612903774      0.683524847      0.316475123     -0.387096226    
   10.1301365      0.619310379      0.675846577      0.324153423     -0.380689591    
   10.1501369      0.625869334      0.668297946      0.331702054     -0.374130666    
   10.1701374      0.632577896      0.660881996      0.339118004     -0.367422074    
   10.1901379      0.639433503      0.653601706      0.346398294     -0.360566527    
   10.2101383      0.646433234      0.646459937      0.353540033     -0.353566766    
   10.2301388      0.653574467      0.639459670      0.360540330     -0.346425563    
   10.2501392      0.660854220      0.632603526      0.367396444     -0.339145780    
   10.2701397      0.668269634      0.625894427      0.374105573     -0.331730336    
   10.2901402      0.675817788      0.619334936      0.380665064     -0.324182212    
   10.3101406      0.683495641      0.612927675      0.387072295     -0.316504389    
   10.3301411      0.691300035      0.606675267      0.393324703     -0.308699995    
   10.3501415      0.699227929      0.600580215      0.399419755     -0.300772101    
   10.3701420      0.707276106      0.594644904      0.405355066     -0.292723894    
   10.3901424      0.715441406      0.588871837      0.411128193     -0.284558594    
   10.4101429      0.723720551      0.583263099      0.416736901     -0.276279479    
   10.4301434      0.732110143      0.577821136      0.422178894     -0.267889857    
   10.4501438      0.740606904      0.572547972      0.427452028     -0.259393066    
   10.4701443      0.749207497      0.567445874      0.432554156     -0.250792533    
   10.4901447      0.757908344      0.562516689      0.437483281     -0.242091671    
   10.5101452      0.766706049      0.557762623      0.442237407     -0.233293965    
   10.5301456      0.775597036      0.553185344      0.446814626     -0.224402949    
   10.5501461      0.784577847      0.548786879      0.451213121     -0.215422168    
   10.5701466      0.793644786      0.544568896      0.455431134     -0.206355214    
   10.5901470      0.802794278      0.540533006      0.459466994     -0.197205707    
   10.6101475      0.812022686      0.536680937      0.463319033     -0.187977329    
   10.6301479      0.821326256      0.533014297      0.466985732     -0.178673759    
   10.6501484      0.830701292      0.529534340      0.470465660     -0.169298723    
   10.6701488      0.840144038      0.526242614      0.473757386     -0.159855962    
   10.6901493      0.849650741      0.523140371      0.476859629     -0.150349259    
   10.7101498      0.859217584      0.520228863      0.479771107     -0.140782416    
   10.7301502      0.868840754      0.517509341      0.482490689     -0.131159261    
   10.7501507      0.878516376      0.514982760      0.485017240     -0.121483631    
   10.7701511      0.888240576      0.512650192      0.487349808     -0.111759417    
   10.7901516      0.898009539      0.510512590      0.489487439     -0.101990491    
   10.8101521      0.907819211      0.508570790      0.491429240      -9.21807736E-02
   10.8301525      0.917665839      0.506825507      0.493174493      -8.23341832E-02
   10.8501530      0.927545369      0.505277514      0.494722456      -7.24546537E-02
   10.8701534      0.937453866      0.503927469      0.496072561      -6.25461489E-02
   10.8901539      0.947387397      0.502775788      0.497224212      -5.26126251E-02
   10.9101543      0.957341969      0.501823068      0.498176962      -4.26580533E-02
   10.9301548      0.967313588      0.501069546      0.498930454      -3.26864161E-02
   10.9501553      0.977298319      0.500515640      0.499484360      -2.27017067E-02
   10.9701557      0.987292111      0.500161529      0.499838471      -1.27079170E-02
   10.9901562      0.997290969      0.500007331      0.499992669      -2.70904368E-03
   11.0101566       1.00729096      0.500053167      0.499946833       7.29091372E-03
   11.0301571       1.01728797      0.500298977      0.499701023       1.72879547E-02
   11.0501575       1.02727807      0.500744641      0.499255359       2.72780806E-02
   11.0701580       1.03725731      0.501390040      0.498609960       3.72572951E-02
   11.0901585       1.04722166      0.502234876      0.497765124       4.72216047E-02
   11.1101589       1.05716705      0.503278852      0.496721178       5.71670271E-02
   11.1301594       1.06708956      0.504521489      0.495478541       6.70895800E-02
   11.1501598       1.07698536      0.505962253      0.494037718       7.69852996E-02
   11.1701603       1.08685017      0.507600725      0.492399275       8.68502259E-02
   11.1901608       1.09668040      0.509436131      0.490563869       9.66804102E-02
   11.2101612       1.10647190      0.511467814      0.488532215      0.106471919    
   11.2301617       1.11622083      0.513694823      0.486305177      0.116220847    
   11.2501621       1.12592328      0.516116381      0.483883590      0.125923276    
   11.2701626       1.13557529      0.518731534      0.481268466      0.135575339    
   11.2901630       1.14517319      0.521539211      0.478460819      0.145173177    
   11.3101635       1.15471292      0.524538219      0.475461781      0.154712930    
   11.3301640       1.16419077      0.527727425      0.472272575      0.164190814    
   11.3501644       1.17360306      0.531105518      0.468894452      0.173603013    
   11.3701649       1.18294573      0.534671247      0.465328753      0.182945773    
   11.3901653       1.19221532      0.538423061      0.461576939      0.192215338    
   11.4101658       1.20140803      0.542359531      0.457640469      0.201408029    
   11.4301662       1.21052015      0.546479046      0.453520954      0.210520163    
   11.4501667       1.21954811      0.550779939      0.449220031      0.219548076    
   11.4701672       1.22848821      0.555260539      0.444739431      0.228488177    
   11.4901676       1.23733687      0.559919119      0.440080911      0.237336874    
   11.5101681       1.24609065      0.564753652      0.435246348      0.246090636    
   11.5301685       1.25474596      0.569762290      0.430237710      0.254745960    
   11.5501690       1.26329947      0.574943066      0.425056964      0.263299406    
   11.5701694       1.27174747      0.580293775      0.419706196      0.271747500    
   11.5901699       1.28008687      0.585812449      0.414187551      0.280086905    
   11.6101704       1.28831434      0.591496825      0.408503205      0.288314283    
   11.6301708       1.29642630      0.597344518      0.402655482      0.296426326    
   11.6501713       1.30441976      0.603353322      0.396646678      0.304419786    
   11.6701717       1.31229150      0.609520793      0.390479207      0.312291503    
   11.6901722       1.32003832      0.615844429      0.384155571      0.320038289    
   11.7101727       1.32765698      0.622321725      0.377678245      0.327657044    
   11.7301731       1.33514476      0.628950119      0.371049851      0.335144758    
   11.7501736       1.34249842      0.635726929      0.364273041      0.342498392    
   11.7701740       1.34971499      0.642649472      0.357350528      0.349715024    
   11.7901745       1.35679173      0.649714947      0.350285053      0.356791794    
   11.8101749       1.36372578      0.656920552      0.343079478      0.363725811    
   11.8301754       1.37051439      0.664263368      0.335736662      0.370514363    
   11.8501759       1.37715471      0.671740413      0.328259557      0.377154708    
   11.8701763       1.38364410      0.679348826      0.320651144      0.383644164    
   11.8901768       1.38998020      0.687085509      0.312914461      0.389980197    
   11.9101772       1.39616024      0.694947362      0.305052608      0.396160215    
   11.9301777       1.40218174      0.702931285      0.297068745      0.402181745    
   11.9501781       1.40804243      0.711033940      0.288966030      0.408042431    
   11.9701786       1.41373992      0.719252229      0.280747771      0.413739890    
   11.9901791       1.41927183      0.727582812      0.272417158      0.419271857    
   12.0101795       1.42463613      0.736022353      0.263977617      0.424636096    
   12.0301800       1.42983055      0.744567513      0.255432487      0.429830492    
   12.0501804       1.43485296      0.753214836      0.246785149      0.434852958    
   12.0701809       1.43970144      0.761960864      0.238039121      0.439701468    
   12.0901814       1.44437408      0.770802140      0.229197860      0.444374084    
   12.1101818       1.44886899      0.779735088      0.220264927      0.448868990    
   12.1301823       1.45318437      0.788756132      0.211243898      0.453184307    
   12.1501827       1.45731831      0.797861636      0.202138349      0.457318366    
   12.1701832       1.46126950      0.807048023      0.192951962      0.461269498    
   12.1901836       1.46503615      0.816311598      0.183688387      0.465036094    
   12.2101841       1.46861672      0.825648665      0.174351335      0.468616694    
   12.2301846       1.47200990      0.835055470      0.164944530      0.472009867    
   12.2501850       1.47521424      0.844528258      0.155471757      0.475214183    
   12.2701855       1.47822845      0.854063213      0.145936802      0.478228450    
   12.2901859       1.48105145      0.863656521      0.136343464      0.481051415    
   12.3101864       1.48368192      0.873304427      0.126695588      0.483681947    
   12.3301868       1.48611903      0.883002996      0.116997026      0.486119002    
   12.3501873       1.48836160      0.892748356      0.107251674      0.488361627    
   12.3701878       1.49040890      0.902536571       9.74634215E-02  0.490408897    
   12.3901882       1.49225998      0.912363827       8.76361802E-02  0.492259979    
   12.4101887       1.49391413      0.922226131       7.77738839E-02  0.493914187    
   12.4301891       1.49537086      0.932119548       6.78804740E-02  0.495370805    
   12.4501896       1.49662924      0.942040086       5.79599142E-02  0.496629298    
   12.4701900       1.49768913      0.951983809       4.80161719E-02  0.497689098    
   12.4901905       1.49854982      0.961946785       3.80532220E-02  0.498549849    
   12.5101910       1.49921119      0.971924961       2.80750524E-02  0.499211162    
   12.5301914       1.49967277      0.981914341       1.80856511E-02  0.499672800    
   12.5501919       1.49993455      0.991910994       8.08901433E-03  0.499934554    
   12.5701923       1.49999630       1.00191081      -1.91085669E-03  0.499996334    
   12.5901928       1.49985814       1.01190996      -1.19099636E-02  0.499858141    
   12.6101933       1.49951994       1.02190435      -2.19043065E-02  0.499519974    
   12.6301937       1.49898195       1.03188992      -3.18898894E-02  0.498982012    
   12.6501942       1.49824440       1.04186273      -4.18627113E-02  0.498244435    
   12.6701946       1.49730754       1.05181885      -5.18187918E-02  0.497307569    
   12.6901951       1.49617171       1.06175411      -6.17541447E-02  0.496171772    
   12.7101955       1.49483752       1.07166481      -7.16647953E-02  0.494837493    
   12.7301960       1.49330533       1.08154678      -8.15467760E-02  0.493305296    
   12.7501965       1.49157572       1.09139609      -9.13961455E-02  0.491575778    
   12.7701969       1.48964965       1.10120893     -0.101208948      0.489649624    
   12.7901974       1.48752761       1.11098123     -0.110981271      0.487527609    
   12.8101978       1.48521054       1.12070918     -0.120709196      0.485210568    
   12.8301983       1.48269939       1.13038886     -0.130388841      0.482699454    
   12.8501987       1.47999525       1.14001632     -0.140016332      0.479995251    
   12.8701992       1.47709906       1.14958787     -0.149587810      0.477099031    
   12.8901997       1.47401202       1.15909946     -0.159099460      0.474011987    
   12.9102001       1.47073531       1.16854751     -0.168547466      0.470735341    
   12.9302006       1.46727037       1.17792809     -0.177928045      0.467270374    
   12.9502010       1.46361852       1.18723750     -0.187237456      0.463618517    
   12.9702015       1.45978117       1.19647193     -0.196471974      0.459781200    
   12.9902020       1.45576000       1.20562792     -0.205627903      0.455760002    
   13.0102024       1.45155644       1.21470153     -0.214701578      0.451556444    
   13.0302029       1.44717228       1.22368932     -0.223689362      0.447172314    
   13.0502033       1.44260931       1.23258770     -0.232587680      0.442609280    
   13.0702038       1.43786919       1.24139297     -0.241392970      0.437869191    
   13.0902042       1.43295395       1.25010169     -0.250101686      0.432953984    
   13.1102047       1.42786551       1.25871038     -0.258710355      0.427865565    
   13.1302052       1.42260599       1.26721549     -0.267215550      0.422606021    
   13.1502056       1.41717744       1.27561390     -0.275613874      0.417177409    
   13.1702061       1.41158199       1.28390193     -0.283901930      0.411581933    
   13.1902065       1.40582180       1.29207635     -0.292076409      0.405821830    
   13.2102070       1.39989936       1.30013406     -0.300134093      0.399899393    
   13.2302074       1.39381695       1.30807173     -0.308071703      0.393817008    
   13.2502079       1.38757706       1.31588602     -0.315886080      0.387577057    
   13.2702084       1.38118207       1.32357407     -0.323574096      0.381182104    
   13.2902088       1.37463474       1.33113265     -0.331132710      0.374634683    
   13.3102093       1.36793733       1.33855879     -0.338558823      0.367937386    
   13.3302097       1.36109293       1.34584951     -0.345849544      0.361092925    
   13.3502102       1.35410404       1.35300195     -0.353001922      0.354104012    
   13.3702106       1.34697342       1.36001313     -0.360013098      0.346973449    
   13.3902111       1.33970416       1.36688018     -0.366880238      0.339704126    
   13.4102116       1.33229887       1.37360072     -0.373600662      0.332298875    
   13.4302120       1.32476068       1.38017166     -0.380171627      0.324760735    
   13.4502125       1.31709266       1.38659048     -0.386590511      0.317092687    
   13.4702129       1.30929780       1.39285481     -0.392854780      0.309297800    
   13.4902134       1.30137920       1.39896190     -0.398961872      0.301379174    
   13.5102139       1.29333997       1.40490937     -0.404909402      0.293340027    
   13.5302143       1.28518355       1.41069496     -0.410694987      0.285183519    
   13.5502148       1.27691293       1.41631627     -0.416316241      0.276912928    
   13.5702152       1.26853156       1.42177105     -0.421771020      0.268531591    
   13.5902157       1.26004291       1.42705703     -0.427057058      0.260042846    
   13.6102161       1.25145006       1.43217230     -0.432172269      0.251450062    
   13.6302166       1.24275672       1.43711460     -0.437114596      0.242756709    
   13.6502171       1.23396623       1.44188213     -0.441882104      0.233966246    
   13.6702175       1.22508216       1.44647288     -0.446472853      0.225082189    
   13.6902180       1.21610808       1.45088506     -0.450884998      0.216108114    
   13.7102184       1.20704758       1.45511675     -0.455116808      0.207047582    
   13.7302189       1.19790423       1.45916653     -0.459166557      0.197904229    
   13.7502193       1.18868172       1.46303260     -0.463032633      0.188681722    
   13.7702198       1.17938375       1.46671343     -0.466713488      0.179383740    
   13.7902203       1.17001402       1.47020769     -0.470207661      0.170014009    
   13.8102207       1.16057622       1.47351372     -0.473513752      0.160576254    
   13.8302212       1.15107429       1.47663045     -0.476630419      0.151074290    
   13.8502216       1.14151192       1.47955644     -0.479556441      0.141511872    
   13.8702221       1.13189292       1.48229063     -0.482290655      0.131892860    
   13.8902225       1.12222111       1.48483193     -0.484831929      0.122221097    
   13.9102230       1.11250043       1.48717928     -0.487179279      0.112500437    
   13.9302235       1.10273480       1.48933172     -0.489331752      0.102734782    
   13.9502239       1.09292805       1.49128842     -0.491288483       9.29280221E-02
   13.9702244       1.08308411       1.49304867     -0.493048698       8.30840990E-02
   13.9902248       1.07320690       1.49461174     -0.494611710       7.32069388E-02
   14.0102253       1.06330049       1.49597692     -0.495976865       6.33004978E-02
   14.0302258       1.05336869       1.49714363     -0.497143626       5.33687323E-02
   14.0502262       1.04341567       1.49811149     -0.498111516       4.34156209E-02
   14.0702267       1.03344512       1.49888015     -0.498880178       3.34451459E-02
   14.0902271       1.02346134       1.49944925     -0.499449253       2.34612897E-02
   14.1102276       1.01346803       1.49981856     -0.499818593       1.34680485E-02
   14.1302280       1.00346947       1.49998796     -0.499987960       3.46942153E-03
   14.1502285      0.993469417       1.49995732     -0.499957353      -6.53059408E-03
   14.1702290      0.983471990       1.49972677     -0.499726743      -1.65279973E-02
   14.1902294      0.973481238       1.49929619     -0.499296248      -2.65187882E-02
   14.2102299      0.963501036       1.49866605     -0.498666048      -3.64989713E-02
   14.2302303      0.953535438       1.49783635     -0.497836351      -4.64645587E-02
   14.2502308      0.943588436       1.49680758     -0.496807545      -5.64115569E-02
   14.2702312      0.933664024       1.49557996     -0.495579988      -6.63359910E-02
   14.2902317      0.923766136       1.49415421     -0.494154215      -7.62338862E-02
   14.3102322      0.913898706       1.49253082     -0.492530793      -8.61012936E-02
   14.3302326      0.904065728       1.49071026     -0.490710318      -9.59342569E-02
   14.3502331      0.894271135       1.48869359     -0.488693565     -0.105728850    
   14.3702335      0.884518862       1.48648131     -0.486481339     -0.115481146    
   14.3902340      0.874812722       1.48407459     -0.484074533     -0.125187248    
   14.4102345      0.865156710       1.48147404     -0.481474072     -0.134843275    
   14.4302349      0.855554640       1.47868109     -0.478681028     -0.144445375    
   14.4502354      0.846010327       1.47569656     -0.475696534     -0.153989688    
   14.4702358      0.836527586       1.47252178     -0.472521722     -0.163472399    
   14.4902363      0.827110291       1.46915793     -0.469157904     -0.172889724    
   14.5102367      0.817762136       1.46560645     -0.465606421     -0.182237893    
   14.5302372      0.808486819       1.46186876     -0.461868703     -0.191513166    
   14.5502377      0.799288154       1.45794630     -0.457946241     -0.200711831    
   14.5702381      0.790169775       1.45384061     -0.453840584     -0.209830210    
   14.5902386      0.781135321       1.44955337     -0.449553400     -0.218864664    
   14.6102390      0.772188425       1.44508636     -0.445086390     -0.227811560    
   14.6302395      0.763332665       1.44044137     -0.440441340     -0.236667335    
   14.6502399      0.754571557       1.43562007     -0.435620099     -0.245428443    
   14.6702404      0.745908618       1.43062460     -0.430624634     -0.254091382    
   14.6902409      0.737347364       1.42545688     -0.425456911     -0.262652665    
   14.7102413      0.728891134       1.42011905     -0.420118988     -0.271108896    
   14.7302418      0.720543265       1.41461301     -0.414613008     -0.279456705    
   14.7502422      0.712307334       1.40894127     -0.408941209     -0.287692696    
   14.7702427      0.704186380       1.40310585     -0.403105825     -0.295813620    
   14.7902431      0.696183801       1.39710915     -0.397109181     -0.303816229    
   14.8102436      0.688302696       1.39095366     -0.390953690     -0.311697304    
   14.8302441      0.680546284       1.38464189     -0.384641826     -0.319453686    
   14.8502445      0.672917724       1.37817609     -0.378176123     -0.327082306    
   14.8702450      0.665419936       1.37155914     -0.371559113     -0.334580064    
   14.8902454      0.658056021       1.36479354     -0.364793479     -0.341944009    
   14.9102459      0.650828838       1.35788202     -0.357881963     -0.349171162    
   14.9302464      0.643741369       1.35082722     -0.350827247     -0.356258661    
   14.9502468      0.636796355       1.34363222     -0.343632221     -0.363203645    
   14.9702473      0.629996657       1.33629978     -0.336299747     -0.370003343    
   14.9902477      0.623344958       1.32883275     -0.328832746     -0.376655042    
   15.0102482      0.616843939       1.32123423     -0.321234196     -0.383156091    
   15.0302486      0.610496163       1.31350720     -0.313507169     -0.389503866    
   15.0502491      0.604304194       1.30565476     -0.305654734     -0.395695835    
   15.0702496      0.598270476       1.29768002     -0.297680020     -0.401729524    
   15.0902500      0.592397451       1.28958631     -0.289586246     -0.407602519    
   15.1102505      0.586687565       1.28137660     -0.281376630     -0.413312465    
   15.1302509      0.581142902       1.27305448     -0.273054481     -0.418857068    
   15.1502514      0.575765848       1.26462317     -0.264623106     -0.424234152    
   15.1702518      0.570558429       1.25608587     -0.256085843     -0.429441541    
   15.1902523      0.565522850       1.24744618     -0.247446179     -0.434477150    
   15.2102528      0.560661077       1.23870754     -0.238707528     -0.439338952    
   15.2302532      0.555974960       1.22987342     -0.229873389     -0.444025010    
   15.2502537      0.551466525       1.22094727     -0.220947310     -0.448533475    
   15.2702541      0.547137499       1.21193290     -0.211932838     -0.452862531    
   15.2902546      0.542989612       1.20283365     -0.202833608     -0.457010418    
   15.3102551      0.539024472       1.19365323     -0.193653226     -0.460975528    
   15.3302555      0.535243750       1.18439543     -0.184395388     -0.464756221    
   15.3502560      0.531648993       1.17506385     -0.175063789     -0.468351007    
   15.3702564      0.528241515       1.16566217     -0.165662169     -0.471758455    
   15.3902569      0.525022805       1.15619433     -0.156194285     -0.474977195    
   15.4102573      0.521994054       1.14666390     -0.146663904     -0.478005946    
   15.4302578      0.519156456       1.13707483     -0.137074873     -0.480843514    
   15.4502583      0.516511321       1.12743104     -0.127431005     -0.483488709    
   15.4702587      0.514059484       1.11773622     -0.117736176     -0.485940516    
   15.4902592      0.511802077       1.10799420     -0.107994244     -0.488197953    
   15.5102596      0.509739876       1.09820914      -9.82091129E-02 -0.490260094    
   15.5302601      0.507873893       1.08838475      -8.83846954E-02 -0.492126137    
   15.5502605      0.506204665       1.07852495      -7.85249248E-02 -0.493795335    
   15.5702610      0.504732966       1.06863379      -6.86337501E-02 -0.495267004    
   15.5902615      0.503459454       1.05871511      -5.87151162E-02 -0.496540576    
   15.6102619      0.502384484       1.04877305      -4.87729944E-02 -0.497615516    
   15.6302624      0.501508594       1.03881133      -3.88113670E-02 -0.498491406    
   15.6502628      0.500832081       1.02883422      -2.88342107E-02 -0.499167889    
   15.6702633      0.500355244       1.01884556      -1.88455246E-02 -0.499644727    
   15.6902637      0.500078321       1.00884926      -8.84929765E-03 -0.499921679    
   15.7102642      0.500001311      0.998849511       1.15046802E-03 -0.499998689    
   15.7302647      0.500124335      0.988850236       1.11497734E-02 -0.499875665    
   15.7502651      0.500447273      0.978855371       2.11446192E-02 -0.499552697    
   15.7702656      0.500970125      0.968868971       3.11310068E-02 -0.499029905    
   15.7902660      0.501692474      0.958895087       4.11049426E-02 -0.498307526    
   15.8102665      0.502614200      0.948937535       5.10624349E-02 -0.497385800    
   15.8302670      0.503734887      0.939000487       6.09995015E-02 -0.496265113    
   15.8502674      0.505054116      0.929087818       7.09121674E-02 -0.494945914    
   15.8702679      0.506571293      0.919203520       8.07964727E-02 -0.493428737    
   15.8902683      0.508285761      0.909351528       9.06484574E-02 -0.491714209    
   15.9102688      0.510197043      0.899535835      0.100464180     -0.489802957    
   15.9302692      0.512304187      0.889760256      0.110239714     -0.487695813    
   15.9502697      0.514606416      0.880028844      0.119971156     -0.485393584    
   15.9702702      0.517102838      0.870345354      0.129654616     -0.482897162    
   15.9902706      0.519792378      0.860713780      0.139286205     -0.480207622    
   16.0102711      0.522674024      0.851137936      0.148862079     -0.477325976    
   16.0302715      0.525746584      0.841621578      0.158378407     -0.474253386    
   16.0502720      0.529008865      0.832168639      0.167831376     -0.470991105    
   16.0702724      0.532459557      0.822782755      0.177217215     -0.467540443    
   16.0902729      0.536097288      0.813467801      0.186532184     -0.463902742    
   16.1102734      0.539920568      0.804227471      0.195772514     -0.460079461    
   16.1302738      0.543927789      0.795065463      0.204934552     -0.456072181    
   16.1502743      0.548117518      0.785985410      0.214014605     -0.451882452    
   16.1702747      0.552488029      0.776990950      0.223009050     -0.447511971    
   16.1902752      0.557037532      0.768085718      0.231914297     -0.442962468    
   16.2102757      0.561764240      0.759273231      0.240726784     -0.438235790    
   16.2302761      0.566666186      0.750557065      0.249442965     -0.433333814    
   16.2502766      0.571741462      0.741940618      0.258059382     -0.428258508    
   16.2702770      0.576988101      0.733427405      0.266572565     -0.423011899    
   16.2902775      0.582403898      0.725020885      0.274979115     -0.417596072    
   16.3102779      0.587986767      0.716724336      0.283275664     -0.412013233    
   16.3302784      0.593734443      0.708541095      0.291458905     -0.406265557    
   16.3502789      0.599644661      0.700474381      0.299525589     -0.400355369    
   16.3702793      0.605714917      0.692527533      0.307472438     -0.394285053    
   16.3902798      0.611943007      0.684703708      0.315296292     -0.388057023    
   16.4102802      0.618326247      0.677006006      0.322994024     -0.381673753    
   16.4302807      0.624862194      0.669437408      0.330562562     -0.375137836    
   16.4502811      0.631548166      0.662001133      0.337998897     -0.368451834    
   16.4702816      0.638381541      0.654700041      0.345299989     -0.361618459    
   16.4902821      0.645359576      0.647536993      0.352463007     -0.354640424    
   16.5102825      0.652479410      0.640514970      0.359485000     -0.347520560    
   16.5302830      0.659738302      0.633636832      0.366363198     -0.340261668    
   16.5502834      0.667133331      0.626905143      0.373094857     -0.332866669    
   16.5702839      0.674661517      0.620322704      0.379677296     -0.325338513    
   16.5902843      0.682319760      0.613892198      0.386107832     -0.317680240    
   16.6102848      0.690105081      0.607616067      0.392383933     -0.309894890    
   16.6302853      0.698014438      0.601496935      0.398503095     -0.301985562    
   16.6502857      0.706044555      0.595537186      0.404462844     -0.293955445    
   16.6702862      0.714192271      0.589739203      0.410260797     -0.285807759    
   16.6902866      0.722454250      0.584105372      0.415894657     -0.277545750    
   16.7102871      0.730827332      0.578637838      0.421362132     -0.269172698    
   16.7302876      0.739308000      0.573338926      0.426661074     -0.260692000    
   16.7502880      0.747892976      0.568210602      0.431789368     -0.252107024    
   16.7702885      0.756578803      0.563255072      0.436744928     -0.243421182    
   16.7902889      0.765362024      0.558474183      0.441525787     -0.234637976    
   16.8102894      0.774239063      0.553869963      0.446130037     -0.225760922    
   16.8302898      0.783206463      0.549444199      0.450555831     -0.216793567    
   16.8502903      0.792260528      0.545198619      0.454801381     -0.207739472    
   16.8702908      0.801397681      0.541134953      0.458865047     -0.198602304    
   16.8902912      0.810614347      0.537254870      0.462745130     -0.189385682    
   16.9102917      0.819906712      0.533559859      0.466440141     -0.180093303    
   16.9302921      0.829271078      0.530051470      0.469948560     -0.170728892    
   16.9502926      0.838703811      0.526731014      0.473268986     -0.161296189    
   16.9702930      0.848201036      0.523599863      0.476400107     -0.151798964    
   16.9902935      0.857758999      0.520659328      0.479340672     -0.142241016    
   17.0102940      0.867373824      0.517910480      0.482089520     -0.132626176    
   17.0302944      0.877041698      0.515354514      0.484645516     -0.122958280    
   17.0502949      0.886758804      0.512992382      0.487007618     -0.113241203    
   17.0702953      0.896521151      0.510825038      0.489174962     -0.103478827    
   17.0902958      0.906324923      0.508853436      0.491146594      -9.36750621E-02
   17.1102962      0.916166186      0.507078171      0.492921799      -8.38338211E-02
   17.1302967      0.926040947      0.505500197      0.494499803      -7.39590526E-02
   17.1502972      0.935945272      0.504119992      0.495880008      -6.40546978E-02
   17.1702976      0.945875287      0.502938151      0.497061878      -5.41247204E-02
   17.1902981      0.955826879      0.501955092      0.498044908      -4.41730917E-02
   17.2102985      0.965796232      0.501171231      0.498828739      -3.42037939E-02
   17.2302990      0.975779176      0.500586987      0.499413013      -2.42208168E-02
   17.2502995      0.985771835      0.500202477      0.499797523      -1.42281493E-02
   17.2702999      0.995770216      0.500017881      0.499982119      -4.22979100E-03
   17.2903004       1.00577021      0.500033259      0.499966711       5.77025907E-03
   17.3103008       1.01576805      0.500248671      0.499751300       1.57680009E-02
   17.3303013       1.02575946      0.500663996      0.499336004       2.57594362E-02
   17.3503017       1.03574061      0.501278996      0.498720974       3.57405655E-02
   17.3703022       1.04570735      0.502093554      0.497906446       4.57074009E-02
   17.3903027       1.05565596      0.503107250      0.496892750       5.56559525E-02
   17.4103031       1.06558228      0.504319668      0.495680302       6.55822456E-02
   17.4303036       1.07548225      0.505730391      0.494269580       7.54823014E-02
   17.4503040       1.08535218      0.507338881      0.492661148       8.53521600E-02
   17.4703045       1.09518790      0.509144366      0.490855634       9.51878801E-02
   17.4903049       1.10498548      0.511146188      0.488853812      0.104985528    
   17.5103054       1.11474121      0.513343573      0.486656398      0.114741176    
   17.5303059       1.12445092      0.515735626      0.484264344      0.124450929    
   17.5503063       1.13411093      0.518321395      0.481678605      0.134110898    
   17.5703068       1.14371729      0.521099806      0.478900164      0.143717229    
   17.5903072       1.15326607      0.524069846      0.475930154      0.153266072    
   17.6103077       1.16275358      0.527230263      0.472769767      0.162753597    
   17.6303082       1.17217600      0.530579686      0.469420284      0.172176033    
   17.6503086       1.18152964      0.534116983      0.465883046      0.181529596    
   17.6703091       1.19081056      0.537840605      0.462159425      0.190810546    
   17.6903095       1.20001519      0.541749060      0.458250940      0.200015157    
   17.7103100       1.20913982      0.545840859      0.454159170      0.209139779    
   17.7303104       1.21818078      0.550114274      0.449885726      0.218180731    
   17.7503109       1.22713447      0.554567695      0.445432335      0.227134421    
   17.7703114       1.23599720      0.559199214      0.440800756      0.235997245    
   17.7903118       1.24476564      0.564007163      0.435992837      0.244765669    
   17.8103123       1.25343621      0.568989456      0.431010544      0.253436208    
   17.8303127       1.26200533      0.574144125      0.425855845      0.262005329    
   17.8503132       1.27046967      0.579469204      0.420530796      0.270469695    
   17.8703136       1.27882588      0.584962487      0.415037543      0.278825849    
   17.8903141       1.28707051      0.590621710      0.409378260      0.287070453    
   17.9103146       1.29520023      0.596444786      0.403555214      0.295200258    
   17.9303150       1.30321193      0.602429271      0.397570759      0.303211957    
   17.9503155       1.31110239      0.608572721      0.391427279      0.311102390    
   17.9703159       1.31886840      0.614872813      0.385127217      0.318868369    
   17.9903164       1.32650685      0.621326923      0.378673106      0.326506793    
   18.0103168       1.33401465      0.627932489      0.372067511      0.334014624    
   18.0303173       1.34138882      0.634686947      0.365313083      0.341388851    
   18.0503178       1.34862649      0.641587436      0.358412564      0.348626524    
   18.0703182       1.35572469      0.648631334      0.351368636      0.355724722    
   18.0903187       1.36268067      0.655815840      0.344184190      0.362680644    
   18.1103191       1.36949146      0.663137913      0.336862057      0.369491488    
   18.1303196       1.37615454      0.670594811      0.329405189      0.376154542    
   18.1503201       1.38266706      0.678183436      0.321816534      0.382667124    
   18.1703205       1.38902664      0.685900807      0.314099163      0.389026642    
   18.1903210       1.39523053      0.693743825      0.306256145      0.395230532    
   18.2103214       1.40127635      0.701709390      0.298290640      0.401276350    
   18.2303219       1.40716159      0.709794164      0.290205806      0.407161623    
   18.2503223       1.41288400      0.717995167      0.282004863      0.412884057    
   18.2703228       1.41844130      0.726308823      0.273691148      0.418441325    
   18.2903233       1.42383122      0.734732032      0.265267968      0.423831224    
   18.3103237       1.42905164      0.743261337      0.256738633      0.429051578    
   18.3303242       1.43410039      0.751893342      0.248106644      0.434100330    
   18.3503246       1.43897545      0.760624588      0.239375398      0.438975424    
   18.3703251       1.44367492      0.769451618      0.230548397      0.443674922    
   18.3903255       1.44819689      0.778370857      0.221629173      0.448196948    
   18.4103260       1.45253968      0.787378669      0.212621301      0.452539712    
   18.4303265       1.45670140      0.796471596      0.203528374      0.456701428    
   18.4503269       1.46068048      0.805645943      0.194354042      0.460680485    
   18.4703274       1.46447527      0.814898014      0.185101971      0.464475244    
   18.4903278       1.46808422      0.824224114      0.175775856      0.468084246    
   18.5103283       1.47150600      0.833620548      0.166379422      0.471505970    
   18.5303288       1.47473907      0.843083560      0.156916440      0.474739134    
   18.5503292       1.47778237      0.852609336      0.147390679      0.477782369    
   18.5703297       1.48063445      0.862194002      0.137805983      0.480634481    
   18.5903301       1.48329437      0.871833861      0.128166154      0.483294368    
   18.6103306       1.48576093      0.881524920      0.118475050      0.485760897    
   18.6303310       1.48803318      0.891263425      0.108736560      0.488033146    
   18.6503315       1.49011016      0.901045442       9.89545807E-02  0.490110189    
   18.6703320       1.49199116      0.910866976       8.91330093E-02  0.491991162    
   18.6903324       1.49367535      0.920724213       7.92757943E-02  0.493675351    
   18.7103329       1.49516201      0.930613160       6.93868622E-02  0.495162070    
   18.7303333       1.49645066      0.940529823       5.94701767E-02  0.496450692    
   18.7503338       1.49754071      0.950470269       4.95297052E-02  0.497540772    
   18.7703342       1.49843180      0.960430562       3.95694189E-02  0.498431802    
   18.7903347       1.49912345      0.970406711       2.95933057E-02  0.499123454    
   18.8103352       1.49961543      0.980394661       1.96053535E-02  0.499615490    
   18.8303356       1.49990761      0.990390420       9.60956048E-03  0.499907643    
   18.8503361       1.49999988       1.00039005      -3.90076602E-04  0.499999851    
   18.8703365       1.49989200       1.01038957      -1.03895580E-02  0.499892056    
   18.8903370       1.49958432       1.02038491      -2.03848835E-02  0.499584287    
   18.9103374       1.49907672       1.03037202      -3.03720534E-02  0.499076694    
   18.9303379       1.49836946       1.04034710      -4.03470770E-02  0.498369455    
   18.9503384       1.49746287       1.05030596      -5.03059588E-02  0.497462869    
   18.9703388       1.49635732       1.06024468      -6.02447204E-02  0.496357292    
   18.9903393       1.49505317       1.07015944      -7.01593831E-02  0.495053202    
   19.0103397       1.49355102       1.08004594      -8.00459832E-02  0.493551046    
   19.0303402       1.49185145       1.08990061      -8.99005607E-02  0.491851479    
   19.0503407       1.48995519       1.09971917      -9.97191817E-02  0.489955187    
   19.0703411       1.48786283       1.10949790     -0.109497912      0.487862885    
   19.0903416       1.48557544       1.11923289     -0.119232841      0.485575467    
   19.1103420       1.48309374       1.12892008     -0.128920078      0.483093798    
   19.1303425       1.48041892       1.13855577     -0.138555750      0.480418891    
   19.1503429       1.47755182       1.14813602     -0.148135990      0.477551818    
   19.1703434       1.47449374       1.15765703     -0.157656983      0.474493712    
   19.1903439       1.47124577       1.16711497     -0.167114913      0.471245795    
   19.2103443       1.46780944       1.17650604     -0.176505983      0.467809409    
   19.2303448       1.46418583       1.18582642     -0.185826465      0.464185864    
   19.2503452       1.46037674       1.19507265     -0.195072606      0.460376680    
   19.2703457       1.45638335       1.20424068     -0.204240724      0.456383318    
   19.2903461       1.45220733       1.21332717     -0.213327140      0.452207386    
   19.3103466       1.44785058       1.22232819     -0.222328231      0.447850585    
   19.3303471       1.44331467       1.23124039     -0.231240377      0.443314672    
   19.3503475       1.43860137       1.24006009     -0.240060046      0.438601375    
   19.3703480       1.43371272       1.24878371     -0.248783678      0.433712661    
   19.3903484       1.42865050       1.25740778     -0.257407784      0.428650469    
   19.4103489       1.42341685       1.26592898     -0.265928924      0.423416823    
   19.4303493       1.41801381       1.27434373     -0.274343729      0.418013781    
   19.4503498       1.41244352       1.28264880     -0.282648772      0.412443548    
   19.4703503       1.40670836       1.29084074     -0.290840745      0.406708330    
   19.4903507       1.40081048       1.29891634     -0.298916370      0.400810421    
   19.5103512       1.39475226       1.30687249     -0.306872457      0.394752204    
   19.5303516       1.38853610       1.31470585     -0.314705789      0.388536066    
   19.5503521       1.38216448       1.32241321     -0.322413206      0.382164508    
   19.5703526       1.37564015       1.32999170     -0.329991698      0.375640094    
   19.5903530       1.36896539       1.33743811     -0.337438166      0.368965417    
   19.6103535       1.36214316       1.34474969     -0.344749659      0.362143159    
   19.6303539       1.35517597       1.35192323     -0.351923257      0.355176032    
   19.6503544       1.34806681       1.35895610     -0.358956069      0.348066866    
   19.6703548       1.34081841       1.36584532     -0.365845323      0.340818435    
   19.6903553       1.33343363       1.37258816     -0.372588217      0.333433688    
   19.7103558       1.32591558       1.37918210     -0.379182070      0.325915545    
   19.7303562       1.31826711       1.38562429     -0.385624260      0.318267047    
   19.7503567       1.31049132       1.39191222     -0.391912222      0.310491264    
   19.7703571       1.30259132       1.39804339     -0.398043364      0.302591264    
   19.7903576       1.29457021       1.40401530     -0.404015332      0.294570208    
   19.8103580       1.28643131       1.40982568     -0.409825683      0.286431342    
   19.8303585       1.27817798       1.41547203     -0.415472090      0.278177917    
   19.8503590       1.26981318       1.42095232     -0.420952290      0.269813210    
   19.8703594       1.26134062       1.42626417     -0.426264137      0.261340559    
   19.8903599       1.25276339       1.43140543     -0.431405455      0.252763391    
   19.9103603       1.24408507       1.43637419     -0.436374217      0.244085088    
   19.9303608       1.23530912       1.44116843     -0.441168427      0.235309169    
   19.9503613       1.22643912       1.44578624     -0.445786178      0.226439133    
   19.9703617       1.21747851       1.45022559     -0.450225621      0.217478514    
   19.9903622       1.20843089       1.45448494     -0.454484940      0.208430886    
